Location,Year,Age,Sex,Cause of death or injury,Measure,Value,Lower bound,Upper bound
China,1990,All ages,Female,Conflict and terrorism,"Deaths per 100,000",0,0,0
China,1991,All ages,Female,Conflict and terrorism,"Deaths per 100,000",0,0,0
China,1992,All ages,Female,Conflict and terrorism,"Deaths per 100,000",0,0,0
China,1993,All ages,Female,Conflict and terrorism,"Deaths per 100,000",0,0,0
China,1994,All ages,Female,Conflict and terrorism,"Deaths per 100,000",0,0,0
China,1995,All ages,Female,Conflict and terrorism,"Deaths per 100,000",0,0,0
China,1996,All ages,Female,Conflict and terrorism,"Deaths per 100,000",0,0,0
China,1997,All ages,Female,Conflict and terrorism,"Deaths per 100,000",0.009075303079212572,0.017393930081311407,0.0014399446388486164
China,1998,All ages,Female,Conflict and terrorism,"Deaths per 100,000",0.0022982731277057106,0.004404921940074921,0.00036465844654186416
China,1999,All ages,Female,Conflict and terrorism,"Deaths per 100,000",0.013441814430777032,0.02576288572236258,0.0021327634193590967
China,2000,All ages,Female,Conflict and terrorism,"Deaths per 100,000",0.008903754347643235,0.01706513577566001,0.0014127255612653492
China,2001,All ages,Female,Conflict and terrorism,"Deaths per 100,000",0.0253344398451126,0.048556556312234635,0.00401972206925974
China,2002,All ages,Female,Conflict and terrorism,"Deaths per 100,000",0.004408264343480604,0.00844897889462898,0.000699442928369689
China,2003,All ages,Female,Conflict and terrorism,"Deaths per 100,000",0,0,0
China,2004,All ages,Female,Conflict and terrorism,"Deaths per 100,000",0,0,0
China,2005,All ages,Female,Conflict and terrorism,"Deaths per 100,000",0,0,0
China,2006,All ages,Female,Conflict and terrorism,"Deaths per 100,000",0,0,0
China,2007,All ages,Female,Conflict and terrorism,"Deaths per 100,000",0,0,0
China,2008,All ages,Female,Conflict and terrorism,"Deaths per 100,000",0,0,0
China,2009,All ages,Female,Conflict and terrorism,"Deaths per 100,000",0,0,0
China,2010,All ages,Female,Conflict and terrorism,"Deaths per 100,000",0,0,0
China,2011,All ages,Female,Conflict and terrorism,"Deaths per 100,000",0.0015480221787344032,0.0029384924604577787,0.00029052497854000566
China,2012,All ages,Female,Conflict and terrorism,"Deaths per 100,000",0.0018797955956697254,0.0036028587245450668,0.00029826022834925607
China,2013,All ages,Female,Conflict and terrorism,"Deaths per 100,000",0.0061413238120110345,0.011770600204402945,0.0009744209693446672
China,2014,All ages,Female,Conflict and terrorism,"Deaths per 100,000",0.016900334265005937,0.03239156154684705,0.0026815132331049324
China,2015,All ages,Female,Conflict and terrorism,"Deaths per 100,000",0.008551917719781553,0.016390798865815313,0.0013569010784035098
China,2016,All ages,Female,Conflict and terrorism,"Deaths per 100,000",0,0,0
China,2017,All ages,Female,Conflict and terrorism,"Deaths per 100,000",0.002247242427353371,0.027209245395801666,
China,2018,All ages,Female,Conflict and terrorism,"Deaths per 100,000",0.005574861059832425,0.07727658598995893,
China,2019,All ages,Female,Conflict and terrorism,"Deaths per 100,000",0.003360233974074913,0.037193413937711674,
China,2020,All ages,Female,Conflict and terrorism,"Deaths per 100,000",0.006361258045554393,0.08808346924705697,
China,2021,All ages,Female,Conflict and terrorism,"Deaths per 100,000",0.005552936045064208,0.07548832784808118,
China,2022,All ages,Female,Conflict and terrorism,"Deaths per 100,000",0.0049311551179800775,0.026886633686808964,
China,2023,All ages,Female,Conflict and terrorism,"Deaths per 100,000",0.005548546115520754,0.06590519897297192,
China,2024,All ages,Female,Conflict and terrorism,"Deaths per 100,000",0.005659123535869617,0.07170831997627419,
China,2025,All ages,Female,Conflict and terrorism,"Deaths per 100,000",0.004869406390119121,0.024320323514423852,
China,2026,All ages,Female,Conflict and terrorism,"Deaths per 100,000",0.004279806525716938,0.059224638905452036,
China,2027,All ages,Female,Conflict and terrorism,"Deaths per 100,000",0.02312163646006888,0.146122366082466,
China,2028,All ages,Female,Conflict and terrorism,"Deaths per 100,000",0.0017737467513756755,0.008533200762320576,
China,2029,All ages,Female,Conflict and terrorism,"Deaths per 100,000",0.017982870987983558,0.20722760922548808,
China,2030,All ages,Female,Conflict and terrorism,"Deaths per 100,000",0.020317248801554673,0.09318772026157399,
China,2031,All ages,Female,Conflict and terrorism,"Deaths per 100,000",0.004093445016261208,0.019159580291208775,
China,2032,All ages,Female,Conflict and terrorism,"Deaths per 100,000",0.005669543793623322,0.02884813605441721,
China,2033,All ages,Female,Conflict and terrorism,"Deaths per 100,000",0.0007015071374122322,0.006921545679159873,
China,2034,All ages,Female,Conflict and terrorism,"Deaths per 100,000",0.0028119452643587013,0.02852133484648311,
China,2035,All ages,Female,Conflict and terrorism,"Deaths per 100,000",0.0010440795657795856,0.012434648977640307,
China,2036,All ages,Female,Conflict and terrorism,"Deaths per 100,000",0.028000502076944808,0.2436236011113561,
China,2037,All ages,Female,Conflict and terrorism,"Deaths per 100,000",0.0008054764526616758,0.004676760401694858,
China,2038,All ages,Female,Conflict and terrorism,"Deaths per 100,000",0.007316268866147981,0.0716642803684948,
China,2039,All ages,Female,Conflict and terrorism,"Deaths per 100,000",0.003002368383153437,0.035919002871935765,
China,2040,All ages,Female,Conflict and terrorism,"Deaths per 100,000",0.002424383815172249,0.027391267220417518,
Indonesia,1990,All ages,Female,Conflict and terrorism,"Deaths per 100,000",0.05653883545501769,0.07765522969794204,0.03440891307712423
Indonesia,1991,All ages,Female,Conflict and terrorism,"Deaths per 100,000",0.13710825336173144,0.1946824806255047,0.07994297767216398
Indonesia,1992,All ages,Female,Conflict and terrorism,"Deaths per 100,000",0,0,0
Indonesia,1993,All ages,Female,Conflict and terrorism,"Deaths per 100,000",0,0,0
Indonesia,1994,All ages,Female,Conflict and terrorism,"Deaths per 100,000",0,0,0
Indonesia,1995,All ages,Female,Conflict and terrorism,"Deaths per 100,000",0,0,0
Indonesia,1996,All ages,Female,Conflict and terrorism,"Deaths per 100,000",0,0,0
Indonesia,1997,All ages,Female,Conflict and terrorism,"Deaths per 100,000",0.1252683982756495,0.16170890908212637,0.08881371283722053
Indonesia,1998,All ages,Female,Conflict and terrorism,"Deaths per 100,000",0,0,0
Indonesia,1999,All ages,Female,Conflict and terrorism,"Deaths per 100,000",0.489798067748106,0.7566755161839543,0.2264143414405601
Indonesia,2000,All ages,Female,Conflict and terrorism,"Deaths per 100,000",0.21830803824800002,0.3000821381119685,0.1360028588053987
Indonesia,2001,All ages,Female,Conflict and terrorism,"Deaths per 100,000",0.216906914948065,0.2805986595833833,0.1531311245009759
Indonesia,2002,All ages,Female,Conflict and terrorism,"Deaths per 100,000",0.18915504980781947,0.24318789365211568,0.1354820392208345
Indonesia,2003,All ages,Female,Conflict and terrorism,"Deaths per 100,000",0.2673088448420201,0.373668152096049,0.15720692471103015
Indonesia,2004,All ages,Female,Conflict and terrorism,"Deaths per 100,000",0.24380936074364226,0.2839113537971192,0.20361192781688667
Indonesia,2005,All ages,Female,Conflict and terrorism,"Deaths per 100,000",0.05324521136144175,0.06818649172254418,0.03826837200510587
Indonesia,2006,All ages,Female,Conflict and terrorism,"Deaths per 100,000",0,0,0
Indonesia,2007,All ages,Female,Conflict and terrorism,"Deaths per 100,000",0,0,0
Indonesia,2008,All ages,Female,Conflict and terrorism,"Deaths per 100,000",0,0,0
Indonesia,2009,All ages,Female,Conflict and terrorism,"Deaths per 100,000",0,0,0
Indonesia,2010,All ages,Female,Conflict and terrorism,"Deaths per 100,000",0,0,0
Indonesia,2011,All ages,Female,Conflict and terrorism,"Deaths per 100,000",0,0,0
Indonesia,2012,All ages,Female,Conflict and terrorism,"Deaths per 100,000",0,0,0
Indonesia,2013,All ages,Female,Conflict and terrorism,"Deaths per 100,000",0,0,0
Indonesia,2014,All ages,Female,Conflict and terrorism,"Deaths per 100,000",0,0,0
Indonesia,2015,All ages,Female,Conflict and terrorism,"Deaths per 100,000",0,0,0
Indonesia,2016,All ages,Female,Conflict and terrorism,"Deaths per 100,000",0,0,0
Indonesia,2017,All ages,Female,Conflict and terrorism,"Deaths per 100,000",0.02465989693633949,0.11862109361591762,
Indonesia,2018,All ages,Female,Conflict and terrorism,"Deaths per 100,000",0.062335900902935976,0.3414437981393827,
Indonesia,2019,All ages,Female,Conflict and terrorism,"Deaths per 100,000",0.03406601117576071,0.18093046349163852,
Indonesia,2020,All ages,Female,Conflict and terrorism,"Deaths per 100,000",0.096393639801049,0.5178628983360394,
Indonesia,2021,All ages,Female,Conflict and terrorism,"Deaths per 100,000",0.0717517317097633,0.36800688723129665,
Indonesia,2022,All ages,Female,Conflict and terrorism,"Deaths per 100,000",0.08293597521894044,0.4380387544733997,
Indonesia,2023,All ages,Female,Conflict and terrorism,"Deaths per 100,000",0.06090372034673985,0.3055117645047384,
Indonesia,2024,All ages,Female,Conflict and terrorism,"Deaths per 100,000",0.08417468438011659,0.39615569986433014,
Indonesia,2025,All ages,Female,Conflict and terrorism,"Deaths per 100,000",0.08757151665271241,0.43711246496160544,
Indonesia,2026,All ages,Female,Conflict and terrorism,"Deaths per 100,000",0.06135151383838092,0.2890536656597999,
Indonesia,2027,All ages,Female,Conflict and terrorism,"Deaths per 100,000",0.3665536108173983,1.7935182868882558,
Indonesia,2028,All ages,Female,Conflict and terrorism,"Deaths per 100,000",0.024993527228463857,0.11923764818060943,
Indonesia,2029,All ages,Female,Conflict and terrorism,"Deaths per 100,000",0.21311253425685137,1.0912059148518736,
Indonesia,2030,All ages,Female,Conflict and terrorism,"Deaths per 100,000",0.2617964610046007,1.2433226004975926,
Indonesia,2031,All ages,Female,Conflict and terrorism,"Deaths per 100,000",0.06646380122833692,0.32422522263414955,
Indonesia,2032,All ages,Female,Conflict and terrorism,"Deaths per 100,000",0.09016965412539422,0.498476825651259,
Indonesia,2033,All ages,Female,Conflict and terrorism,"Deaths per 100,000",0.007120804358604691,0.03503882126806146,
Indonesia,2034,All ages,Female,Conflict and terrorism,"Deaths per 100,000",0.02682700030539395,0.13168815423256006,
Indonesia,2035,All ages,Female,Conflict and terrorism,"Deaths per 100,000",0.01206453117642536,0.06357702628189443,
Indonesia,2036,All ages,Female,Conflict and terrorism,"Deaths per 100,000",0.22064487294430854,1.0361016048187583,
Indonesia,2037,All ages,Female,Conflict and terrorism,"Deaths per 100,000",0.013950475205160358,0.06784446540602222,
Indonesia,2038,All ages,Female,Conflict and terrorism,"Deaths per 100,000",0.09077252466412901,0.45006679038009434,
Indonesia,2039,All ages,Female,Conflict and terrorism,"Deaths per 100,000",0.03737685803351479,0.1960855294558541,
Indonesia,2040,All ages,Female,Conflict and terrorism,"Deaths per 100,000",0.023996091571527572,0.12503047762716402,
Fiji,1990,All ages,Female,Conflict and terrorism,"Deaths per 100,000",0,0,0
Fiji,1991,All ages,Female,Conflict and terrorism,"Deaths per 100,000",0,0,0
Fiji,1992,All ages,Female,Conflict and terrorism,"Deaths per 100,000",0,0,0
Fiji,1993,All ages,Female,Conflict and terrorism,"Deaths per 100,000",0,0,0
Fiji,1994,All ages,Female,Conflict and terrorism,"Deaths per 100,000",0,0,0
Fiji,1995,All ages,Female,Conflict and terrorism,"Deaths per 100,000",0,0,0
Fiji,1996,All ages,Female,Conflict and terrorism,"Deaths per 100,000",0,0,0
Fiji,1997,All ages,Female,Conflict and terrorism,"Deaths per 100,000",0,0,0
Fiji,1998,All ages,Female,Conflict and terrorism,"Deaths per 100,000",0,0,0
Fiji,1999,All ages,Female,Conflict and terrorism,"Deaths per 100,000",0,0,0
Fiji,2000,All ages,Female,Conflict and terrorism,"Deaths per 100,000",0,0,0
Fiji,2001,All ages,Female,Conflict and terrorism,"Deaths per 100,000",0,0,0
Fiji,2002,All ages,Female,Conflict and terrorism,"Deaths per 100,000",0,0,0
Fiji,2003,All ages,Female,Conflict and terrorism,"Deaths per 100,000",0,0,0
Fiji,2004,All ages,Female,Conflict and terrorism,"Deaths per 100,000",0,0,0
Fiji,2005,All ages,Female,Conflict and terrorism,"Deaths per 100,000",0,0,0
Fiji,2006,All ages,Female,Conflict and terrorism,"Deaths per 100,000",0,0,0
Fiji,2007,All ages,Female,Conflict and terrorism,"Deaths per 100,000",0,0,0
Fiji,2008,All ages,Female,Conflict and terrorism,"Deaths per 100,000",0,0,0
Fiji,2009,All ages,Female,Conflict and terrorism,"Deaths per 100,000",0,0,0
Fiji,2010,All ages,Female,Conflict and terrorism,"Deaths per 100,000",0,0,0
Fiji,2011,All ages,Female,Conflict and terrorism,"Deaths per 100,000",0,0,0
Fiji,2012,All ages,Female,Conflict and terrorism,"Deaths per 100,000",0,0,0
Fiji,2013,All ages,Female,Conflict and terrorism,"Deaths per 100,000",0,0,0
Fiji,2014,All ages,Female,Conflict and terrorism,"Deaths per 100,000",0,0,0
Fiji,2015,All ages,Female,Conflict and terrorism,"Deaths per 100,000",0,0,0
Fiji,2016,All ages,Female,Conflict and terrorism,"Deaths per 100,000",0,0,0
Fiji,2017,All ages,Female,Conflict and terrorism,"Deaths per 100,000",0.00122667224647153,0.00822408931991078,
Fiji,2018,All ages,Female,Conflict and terrorism,"Deaths per 100,000",0.0030403024809097304,0.02336414644390269,
Fiji,2019,All ages,Female,Conflict and terrorism,"Deaths per 100,000",0.0020557822175283004,0.013655291398555676,
Fiji,2020,All ages,Female,Conflict and terrorism,"Deaths per 100,000",0.002394562642396401,,
Fiji,2021,All ages,Female,Conflict and terrorism,"Deaths per 100,000",0.003024538619972706,0.024465381156292272,
Fiji,2022,All ages,Female,Conflict and terrorism,"Deaths per 100,000",0.002369543255040021,0.000639106440671727,
Fiji,2023,All ages,Female,Conflict and terrorism,"Deaths per 100,000",0.0020361128617835786,0.0005495332803540752,
Fiji,2024,All ages,Female,Conflict and terrorism,"Deaths per 100,000",0.002476749386895369,,
Fiji,2025,All ages,Female,Conflict and terrorism,"Deaths per 100,000",0.00381712148912569,0.024971280036174888,
Fiji,2026,All ages,Female,Conflict and terrorism,"Deaths per 100,000",0.0017990867447687392,,
Fiji,2027,All ages,Female,Conflict and terrorism,"Deaths per 100,000",0.005879962807520496,0.04856544440605425,
Fiji,2028,All ages,Female,Conflict and terrorism,"Deaths per 100,000",0.0011697206206647123,0.010336153823720174,
Fiji,2029,All ages,Female,Conflict and terrorism,"Deaths per 100,000",0.005976356402667906,0.039301705392079986,
Fiji,2030,All ages,Female,Conflict and terrorism,"Deaths per 100,000",0.006261683930218221,0.04105830774929415,
Fiji,2031,All ages,Female,Conflict and terrorism,"Deaths per 100,000",0.003308389168382559,0.020574954944444467,
Fiji,2032,All ages,Female,Conflict and terrorism,"Deaths per 100,000",0.001879480624634619,,
Fiji,2033,All ages,Female,Conflict and terrorism,"Deaths per 100,000",0.0004926017247858157,0.004436643910000758,
Fiji,2034,All ages,Female,Conflict and terrorism,"Deaths per 100,000",0.001093080119326645,0.011483633635109987,
Fiji,2035,All ages,Female,Conflict and terrorism,"Deaths per 100,000",0.0005677650662915296,0.0055137995185765,
Fiji,2036,All ages,Female,Conflict and terrorism,"Deaths per 100,000",0.0033919012531963885,0.03404070548039231,
Fiji,2037,All ages,Female,Conflict and terrorism,"Deaths per 100,000",0.0006427657928931692,0.006385980822722311,
Fiji,2038,All ages,Female,Conflict and terrorism,"Deaths per 100,000",0.001745628640510778,0.020553608200648183,
Fiji,2039,All ages,Female,Conflict and terrorism,"Deaths per 100,000",0.001806859205926537,0.015007861298759436,
Fiji,2040,All ages,Female,Conflict and terrorism,"Deaths per 100,000",0.0012516481079121924,0.011780531327343455,
Kazakhstan,1990,All ages,Female,Conflict and terrorism,"Deaths per 100,000",0,0,0
Kazakhstan,1991,All ages,Female,Conflict and terrorism,"Deaths per 100,000",0,0,0
Kazakhstan,1992,All ages,Female,Conflict and terrorism,"Deaths per 100,000",0,0,0
Kazakhstan,1993,All ages,Female,Conflict and terrorism,"Deaths per 100,000",0,0,0
Kazakhstan,1994,All ages,Female,Conflict and terrorism,"Deaths per 100,000",0,0,0
Kazakhstan,1995,All ages,Female,Conflict and terrorism,"Deaths per 100,000",0,0,0
Kazakhstan,1996,All ages,Female,Conflict and terrorism,"Deaths per 100,000",0,0,0
Kazakhstan,1997,All ages,Female,Conflict and terrorism,"Deaths per 100,000",0,0,0
Kazakhstan,1998,All ages,Female,Conflict and terrorism,"Deaths per 100,000",0,0,0
Kazakhstan,1999,All ages,Female,Conflict and terrorism,"Deaths per 100,000",0,0,0
Kazakhstan,2000,All ages,Female,Conflict and terrorism,"Deaths per 100,000",0,0,0
Kazakhstan,2001,All ages,Female,Conflict and terrorism,"Deaths per 100,000",0,0,0
Kazakhstan,2002,All ages,Female,Conflict and terrorism,"Deaths per 100,000",0,0,0
Kazakhstan,2003,All ages,Female,Conflict and terrorism,"Deaths per 100,000",0,0,0
Kazakhstan,2004,All ages,Female,Conflict and terrorism,"Deaths per 100,000",0.12871071826687763,0.2072043648501133,0.05132728252650888
Kazakhstan,2005,All ages,Female,Conflict and terrorism,"Deaths per 100,000",0.11927179299270244,0.195751968009834,0.04622616447457854
Kazakhstan,2006,All ages,Female,Conflict and terrorism,"Deaths per 100,000",0.10331945368540277,0.16822390659811468,0.04132971575554101
Kazakhstan,2007,All ages,Female,Conflict and terrorism,"Deaths per 100,000",0,0,0
Kazakhstan,2008,All ages,Female,Conflict and terrorism,"Deaths per 100,000",0.09418650943196988,0.1514167820588786,0.03776570433882272
Kazakhstan,2009,All ages,Female,Conflict and terrorism,"Deaths per 100,000",0.07517176602221051,0.1211181617965746,0.029875239727409724
Kazakhstan,2010,All ages,Female,Conflict and terrorism,"Deaths per 100,000",0.07752683238821852,0.12573857055694843,0.03148017153860326
Kazakhstan,2011,All ages,Female,Conflict and terrorism,"Deaths per 100,000",0.07668796061958806,0.12437802717549791,0.031139544659440882
Kazakhstan,2012,All ages,Female,Conflict and terrorism,"Deaths per 100,000",0.07594617995307422,0.12026991849219842,0.0322493631779582
Kazakhstan,2013,All ages,Female,Conflict and terrorism,"Deaths per 100,000",0,0,0
Kazakhstan,2014,All ages,Female,Conflict and terrorism,"Deaths per 100,000",0,0,0
Kazakhstan,2015,All ages,Female,Conflict and terrorism,"Deaths per 100,000",0,0,0
Kazakhstan,2016,All ages,Female,Conflict and terrorism,"Deaths per 100,000",0,0,0
Kazakhstan,2017,All ages,Female,Conflict and terrorism,"Deaths per 100,000",0.002420320318274872,0.029062834831348642,
Kazakhstan,2018,All ages,Female,Conflict and terrorism,"Deaths per 100,000",0.00651057062980898,0.059884844662058366,
Kazakhstan,2019,All ages,Female,Conflict and terrorism,"Deaths per 100,000",0.0036053988104220937,0.03361645511601349,
Kazakhstan,2020,All ages,Female,Conflict and terrorism,"Deaths per 100,000",0.005651277682921718,0.06633469415181723,
Kazakhstan,2021,All ages,Female,Conflict and terrorism,"Deaths per 100,000",0.004899304156630132,0.047984017646408215,
Kazakhstan,2022,All ages,Female,Conflict and terrorism,"Deaths per 100,000",0.006900854560316937,0.061440326144341216,
Kazakhstan,2023,All ages,Female,Conflict and terrorism,"Deaths per 100,000",0.004341410442438756,0.053394136102946285,
Kazakhstan,2024,All ages,Female,Conflict and terrorism,"Deaths per 100,000",0.005538161071796366,0.05731402524468554,
Kazakhstan,2025,All ages,Female,Conflict and terrorism,"Deaths per 100,000",0.004532679401545554,0.04585369113373135,
Kazakhstan,2026,All ages,Female,Conflict and terrorism,"Deaths per 100,000",0.004796938402214477,0.05007049750255647,
Kazakhstan,2027,All ages,Female,Conflict and terrorism,"Deaths per 100,000",0.010683110363753216,0.11947355966161931,
Kazakhstan,2028,All ages,Female,Conflict and terrorism,"Deaths per 100,000",0.002393203132142038,0.030352548539952225,
Kazakhstan,2029,All ages,Female,Conflict and terrorism,"Deaths per 100,000",0.00633092212138913,0.07943027292043132,
Kazakhstan,2030,All ages,Female,Conflict and terrorism,"Deaths per 100,000",0.007897031468918736,0.07853059359855671,
Kazakhstan,2031,All ages,Female,Conflict and terrorism,"Deaths per 100,000",0.0039062424229864934,0.03764842589920903,
Kazakhstan,2032,All ages,Female,Conflict and terrorism,"Deaths per 100,000",0.004828122419638361,0.05029032481713899,
Kazakhstan,2033,All ages,Female,Conflict and terrorism,"Deaths per 100,000",0.0013457256752652381,0.014830541272272521,
Kazakhstan,2034,All ages,Female,Conflict and terrorism,"Deaths per 100,000",0.0031212292300267677,0.030761415268391944,
Kazakhstan,2035,All ages,Female,Conflict and terrorism,"Deaths per 100,000",0.001935477917140961,0.018152037666823353,
Kazakhstan,2036,All ages,Female,Conflict and terrorism,"Deaths per 100,000",0.007917420222122986,0.08487908645445562,
Kazakhstan,2037,All ages,Female,Conflict and terrorism,"Deaths per 100,000",0.001923936610943652,0.02003104674216967,
Kazakhstan,2038,All ages,Female,Conflict and terrorism,"Deaths per 100,000",0.004369435578467606,0.043597510858977756,
Kazakhstan,2039,All ages,Female,Conflict and terrorism,"Deaths per 100,000",0.0026779936937903976,0.028363417098436604,
Kazakhstan,2040,All ages,Female,Conflict and terrorism,"Deaths per 100,000",0.002964952035072032,0.028751578990553497,
Poland,1990,All ages,Female,Conflict and terrorism,"Deaths per 100,000",0,0,0
Poland,1991,All ages,Female,Conflict and terrorism,"Deaths per 100,000",0,0,0
Poland,1992,All ages,Female,Conflict and terrorism,"Deaths per 100,000",0,0,0
Poland,1993,All ages,Female,Conflict and terrorism,"Deaths per 100,000",0,0,0
Poland,1994,All ages,Female,Conflict and terrorism,"Deaths per 100,000",0,0,0
Poland,1995,All ages,Female,Conflict and terrorism,"Deaths per 100,000",0,0,0
Poland,1996,All ages,Female,Conflict and terrorism,"Deaths per 100,000",0,0,0
Poland,1997,All ages,Female,Conflict and terrorism,"Deaths per 100,000",0,0,0
Poland,1998,All ages,Female,Conflict and terrorism,"Deaths per 100,000",0,0,0
Poland,1999,All ages,Female,Conflict and terrorism,"Deaths per 100,000",0,0,0
Poland,2000,All ages,Female,Conflict and terrorism,"Deaths per 100,000",0,0,0
Poland,2001,All ages,Female,Conflict and terrorism,"Deaths per 100,000",0,0,0
Poland,2002,All ages,Female,Conflict and terrorism,"Deaths per 100,000",0,0,0
Poland,2003,All ages,Female,Conflict and terrorism,"Deaths per 100,000",0,0,0
Poland,2004,All ages,Female,Conflict and terrorism,"Deaths per 100,000",0,0,0
Poland,2005,All ages,Female,Conflict and terrorism,"Deaths per 100,000",0,0,0
Poland,2006,All ages,Female,Conflict and terrorism,"Deaths per 100,000",0,0,0
Poland,2007,All ages,Female,Conflict and terrorism,"Deaths per 100,000",0,0,0
Poland,2008,All ages,Female,Conflict and terrorism,"Deaths per 100,000",0,0,0
Poland,2009,All ages,Female,Conflict and terrorism,"Deaths per 100,000",0,0,0
Poland,2010,All ages,Female,Conflict and terrorism,"Deaths per 100,000",0,0,0
Poland,2011,All ages,Female,Conflict and terrorism,"Deaths per 100,000",0,0,0
Poland,2012,All ages,Female,Conflict and terrorism,"Deaths per 100,000",0,0,0
Poland,2013,All ages,Female,Conflict and terrorism,"Deaths per 100,000",0,0,0
Poland,2014,All ages,Female,Conflict and terrorism,"Deaths per 100,000",0,0,0
Poland,2015,All ages,Female,Conflict and terrorism,"Deaths per 100,000",0,0,0
Poland,2016,All ages,Female,Conflict and terrorism,"Deaths per 100,000",0,0,0
Poland,2017,All ages,Female,Conflict and terrorism,"Deaths per 100,000",0.002029940429599186,0.02631114765959139,
Poland,2018,All ages,Female,Conflict and terrorism,"Deaths per 100,000",0.003235288299426489,0.044783369308699354,
Poland,2019,All ages,Female,Conflict and terrorism,"Deaths per 100,000",0.0025514514060563957,0.03784517919616664,
Poland,2020,All ages,Female,Conflict and terrorism,"Deaths per 100,000",0.0027436600013552854,0.0436711351160733,
Poland,2021,All ages,Female,Conflict and terrorism,"Deaths per 100,000",0.002716094312028796,0.018945661013812887,
Poland,2022,All ages,Female,Conflict and terrorism,"Deaths per 100,000",0.002520742783932186,0.04034981828396564,
Poland,2023,All ages,Female,Conflict and terrorism,"Deaths per 100,000",0.0027798225246886037,0.040383929998294266,
Poland,2024,All ages,Female,Conflict and terrorism,"Deaths per 100,000",0.0019551284337936308,0.01689797246011836,
Poland,2025,All ages,Female,Conflict and terrorism,"Deaths per 100,000",0.0021395767005300517,0.03893390495669401,
Poland,2026,All ages,Female,Conflict and terrorism,"Deaths per 100,000",0.002655596689950345,0.038525337927148635,
Poland,2027,All ages,Female,Conflict and terrorism,"Deaths per 100,000",0.010148109490151656,0.0704312881970477,
Poland,2028,All ages,Female,Conflict and terrorism,"Deaths per 100,000",0.001859052002851558,0.03109880288335313,
Poland,2029,All ages,Female,Conflict and terrorism,"Deaths per 100,000",0.0053061068977048554,0.04130965562965249,
Poland,2030,All ages,Female,Conflict and terrorism,"Deaths per 100,000",0.006029132301469469,0.04790546611325404,
Poland,2031,All ages,Female,Conflict and terrorism,"Deaths per 100,000",0.002031182914190954,0.014639197485727092,
Poland,2032,All ages,Female,Conflict and terrorism,"Deaths per 100,000",0.0027621896407297787,0.04372980516068231,
Poland,2033,All ages,Female,Conflict and terrorism,"Deaths per 100,000",0.001070824825754484,0.018139139823235204,
Poland,2034,All ages,Female,Conflict and terrorism,"Deaths per 100,000",0.0019055317917806359,0.031945204466077765,
Poland,2035,All ages,Female,Conflict and terrorism,"Deaths per 100,000",0.0011597440787438316,0.02181803441998495,
Poland,2036,All ages,Female,Conflict and terrorism,"Deaths per 100,000",0.008423972874103805,0.1391941037658125,
Poland,2037,All ages,Female,Conflict and terrorism,"Deaths per 100,000",0.0015424040688571668,0.025037720205671358,
Poland,2038,All ages,Female,Conflict and terrorism,"Deaths per 100,000",0.0027499909994400176,0.04492357294604812,
Poland,2039,All ages,Female,Conflict and terrorism,"Deaths per 100,000",0.0018336039641498102,0.030915102068614822,
Poland,2040,All ages,Female,Conflict and terrorism,"Deaths per 100,000",0.0016861529006195603,0.029281569430443376,
Ukraine,1990,All ages,Female,Conflict and terrorism,"Deaths per 100,000",0,0,0
Ukraine,1991,All ages,Female,Conflict and terrorism,"Deaths per 100,000",0,0,0
Ukraine,1992,All ages,Female,Conflict and terrorism,"Deaths per 100,000",0,0,0
Ukraine,1993,All ages,Female,Conflict and terrorism,"Deaths per 100,000",0,0,0
Ukraine,1994,All ages,Female,Conflict and terrorism,"Deaths per 100,000",0,0,0
Ukraine,1995,All ages,Female,Conflict and terrorism,"Deaths per 100,000",0,0,0
Ukraine,1996,All ages,Female,Conflict and terrorism,"Deaths per 100,000",0,0,0
Ukraine,1997,All ages,Female,Conflict and terrorism,"Deaths per 100,000",0,0,0
Ukraine,1998,All ages,Female,Conflict and terrorism,"Deaths per 100,000",0,0,0
Ukraine,1999,All ages,Female,Conflict and terrorism,"Deaths per 100,000",0,0,0
Ukraine,2000,All ages,Female,Conflict and terrorism,"Deaths per 100,000",0,0,0
Ukraine,2001,All ages,Female,Conflict and terrorism,"Deaths per 100,000",0,0,0
Ukraine,2002,All ages,Female,Conflict and terrorism,"Deaths per 100,000",0,0,0
Ukraine,2003,All ages,Female,Conflict and terrorism,"Deaths per 100,000",0,0,0
Ukraine,2004,All ages,Female,Conflict and terrorism,"Deaths per 100,000",0,0,0
Ukraine,2005,All ages,Female,Conflict and terrorism,"Deaths per 100,000",0.09461113427402405,0.1665968975944786,0.028486187368831108
Ukraine,2006,All ages,Female,Conflict and terrorism,"Deaths per 100,000",0.08849122394562574,0.15447446913914956,0.027434045523245514
Ukraine,2007,All ages,Female,Conflict and terrorism,"Deaths per 100,000",0.0855040358976647,0.1518427614562994,0.02456636015286997
Ukraine,2008,All ages,Female,Conflict and terrorism,"Deaths per 100,000",0.08216797365465943,0.14500847468837172,0.02444371572756607
Ukraine,2009,All ages,Female,Conflict and terrorism,"Deaths per 100,000",0.06226538667755447,0.10996450154371663,0.01844975544654161
Ukraine,2010,All ages,Female,Conflict and terrorism,"Deaths per 100,000",0,0,0
Ukraine,2011,All ages,Female,Conflict and terrorism,"Deaths per 100,000",0,0,0
Ukraine,2012,All ages,Female,Conflict and terrorism,"Deaths per 100,000",0,0,0
Ukraine,2013,All ages,Female,Conflict and terrorism,"Deaths per 100,000",0,0,0
Ukraine,2014,All ages,Female,Conflict and terrorism,"Deaths per 100,000",5.770950032380654,6.748473166684966,4.791100606953661
Ukraine,2015,All ages,Female,Conflict and terrorism,"Deaths per 100,000",1.706849963336488,1.8107511039082134,1.6027013482949397
Ukraine,2016,All ages,Female,Conflict and terrorism,"Deaths per 100,000",0,0,0
Ukraine,2017,All ages,Female,Conflict and terrorism,"Deaths per 100,000",0.036170977865177034,0.7665151411190628,
Ukraine,2018,All ages,Female,Conflict and terrorism,"Deaths per 100,000",0.048668308981981184,0.03383233111297455,
Ukraine,2019,All ages,Female,Conflict and terrorism,"Deaths per 100,000",0.06960548477616517,0.9845367503177664,
Ukraine,2020,All ages,Female,Conflict and terrorism,"Deaths per 100,000",0.0709650213771805,1.3042060432062206,
Ukraine,2021,All ages,Female,Conflict and terrorism,"Deaths per 100,000",0.0617832567522572,1.2023947738628402,
Ukraine,2022,All ages,Female,Conflict and terrorism,"Deaths per 100,000",0.07662329767440466,1.2340106394041035,
Ukraine,2023,All ages,Female,Conflict and terrorism,"Deaths per 100,000",0.04254750362872648,0.032499934940145546,
Ukraine,2024,All ages,Female,Conflict and terrorism,"Deaths per 100,000",0.05569714167928339,0.06340125452175728,
Ukraine,2025,All ages,Female,Conflict and terrorism,"Deaths per 100,000",0.04166239564248115,0.035466000857381615,
Ukraine,2026,All ages,Female,Conflict and terrorism,"Deaths per 100,000",0.05070704183445529,0.03251902126402375,
Ukraine,2027,All ages,Female,Conflict and terrorism,"Deaths per 100,000",0.11516091768055604,2.362679759062446,
Ukraine,2028,All ages,Female,Conflict and terrorism,"Deaths per 100,000",0.02537642896312384,0.024148356889545197,
Ukraine,2029,All ages,Female,Conflict and terrorism,"Deaths per 100,000",0.09353081069947748,1.5796454429261662,
Ukraine,2030,All ages,Female,Conflict and terrorism,"Deaths per 100,000",0.0922001624797138,1.9988211245280803,
Ukraine,2031,All ages,Female,Conflict and terrorism,"Deaths per 100,000",0.06396589313123328,1.1282252082255968,
Ukraine,2032,All ages,Female,Conflict and terrorism,"Deaths per 100,000",0.07877579291354653,1.343179339328574,
Ukraine,2033,All ages,Female,Conflict and terrorism,"Deaths per 100,000",0.022762638006958533,0.026881631355013855,
Ukraine,2034,All ages,Female,Conflict and terrorism,"Deaths per 100,000",0.04655841005323104,0.8874754710287227,
Ukraine,2035,All ages,Female,Conflict and terrorism,"Deaths per 100,000",0.03884193847587358,0.671040062894874,
Ukraine,2036,All ages,Female,Conflict and terrorism,"Deaths per 100,000",0.11461883837336712,2.0254794048179585,
Ukraine,2037,All ages,Female,Conflict and terrorism,"Deaths per 100,000",0.03878878334847176,0.7431130032300809,
Ukraine,2038,All ages,Female,Conflict and terrorism,"Deaths per 100,000",0.05884507877678888,0.041417473283188413,
Ukraine,2039,All ages,Female,Conflict and terrorism,"Deaths per 100,000",0.061648714289298,1.0487251278625598,
Ukraine,2040,All ages,Female,Conflict and terrorism,"Deaths per 100,000",0.054010837595270214,0.9322250683915871,
Australia,1990,All ages,Female,Conflict and terrorism,"Deaths per 100,000",0,0,0
Australia,1991,All ages,Female,Conflict and terrorism,"Deaths per 100,000",0,0,0
Australia,1992,All ages,Female,Conflict and terrorism,"Deaths per 100,000",0,0,0
Australia,1993,All ages,Female,Conflict and terrorism,"Deaths per 100,000",0,0,0
Australia,1994,All ages,Female,Conflict and terrorism,"Deaths per 100,000",0,0,0
Australia,1995,All ages,Female,Conflict and terrorism,"Deaths per 100,000",0,0,0
Australia,1996,All ages,Female,Conflict and terrorism,"Deaths per 100,000",0,0,0
Australia,1997,All ages,Female,Conflict and terrorism,"Deaths per 100,000",0,0,0
Australia,1998,All ages,Female,Conflict and terrorism,"Deaths per 100,000",0,0,0
Australia,1999,All ages,Female,Conflict and terrorism,"Deaths per 100,000",0,0,0
Australia,2000,All ages,Female,Conflict and terrorism,"Deaths per 100,000",0,0,0
Australia,2001,All ages,Female,Conflict and terrorism,"Deaths per 100,000",0,0,0
Australia,2002,All ages,Female,Conflict and terrorism,"Deaths per 100,000",0,0,0
Australia,2003,All ages,Female,Conflict and terrorism,"Deaths per 100,000",0,0,0
Australia,2004,All ages,Female,Conflict and terrorism,"Deaths per 100,000",0,0,0
Australia,2005,All ages,Female,Conflict and terrorism,"Deaths per 100,000",0,0,0
Australia,2006,All ages,Female,Conflict and terrorism,"Deaths per 100,000",0,0,0
Australia,2007,All ages,Female,Conflict and terrorism,"Deaths per 100,000",0,0,0
Australia,2008,All ages,Female,Conflict and terrorism,"Deaths per 100,000",0,0,0
Australia,2009,All ages,Female,Conflict and terrorism,"Deaths per 100,000",0,0,0
Australia,2010,All ages,Female,Conflict and terrorism,"Deaths per 100,000",0,0,0
Australia,2011,All ages,Female,Conflict and terrorism,"Deaths per 100,000",0,0,0
Australia,2012,All ages,Female,Conflict and terrorism,"Deaths per 100,000",0,0,0
Australia,2013,All ages,Female,Conflict and terrorism,"Deaths per 100,000",0,0,0
Australia,2014,All ages,Female,Conflict and terrorism,"Deaths per 100,000",0,0,0
Australia,2015,All ages,Female,Conflict and terrorism,"Deaths per 100,000",0,0,0
Australia,2016,All ages,Female,Conflict and terrorism,"Deaths per 100,000",0,0,0
Australia,2017,All ages,Female,Conflict and terrorism,"Deaths per 100,000",0.003246700788950189,0.057816708816730726,
Australia,2018,All ages,Female,Conflict and terrorism,"Deaths per 100,000",0.006602688266141364,0.12033045033022823,
Australia,2019,All ages,Female,Conflict and terrorism,"Deaths per 100,000",0.0043922867232547335,0.07670249033298475,
Australia,2020,All ages,Female,Conflict and terrorism,"Deaths per 100,000",0.007361436799114486,0.15309708598380214,
Australia,2021,All ages,Female,Conflict and terrorism,"Deaths per 100,000",0.006590950522882676,0.1314028076454724,
Australia,2022,All ages,Female,Conflict and terrorism,"Deaths per 100,000",0.0073071451660934724,0.14021558573494944,
Australia,2023,All ages,Female,Conflict and terrorism,"Deaths per 100,000",0.006538869934118618,0.12189139645910434,
Australia,2024,All ages,Female,Conflict and terrorism,"Deaths per 100,000",0.007169322557663359,0.1354426239852677,
Australia,2025,All ages,Female,Conflict and terrorism,"Deaths per 100,000",0.008634247406267158,0.14573166550879552,
Australia,2026,All ages,Female,Conflict and terrorism,"Deaths per 100,000",0.005510367851164732,0.0737061108010648,
Australia,2027,All ages,Female,Conflict and terrorism,"Deaths per 100,000",0.01757334095444274,0.2324532464884987,
Australia,2028,All ages,Female,Conflict and terrorism,"Deaths per 100,000",0.0034704762169819247,0.06462856800333018,
Australia,2029,All ages,Female,Conflict and terrorism,"Deaths per 100,000",0.013315997517559805,0.26847137403886023,
Australia,2030,All ages,Female,Conflict and terrorism,"Deaths per 100,000",0.012299848934417861,0.18625123654556805,
Australia,2031,All ages,Female,Conflict and terrorism,"Deaths per 100,000",0.005532301913110564,0.131073938060322,
Australia,2032,All ages,Female,Conflict and terrorism,"Deaths per 100,000",0.010383106735497659,0.16121741714487783,
Australia,2033,All ages,Female,Conflict and terrorism,"Deaths per 100,000",0.001687694156906759,0.02864932978908494,
Australia,2034,All ages,Female,Conflict and terrorism,"Deaths per 100,000",0.0031651414346345846,0.04516229432987855,
Australia,2035,All ages,Female,Conflict and terrorism,"Deaths per 100,000",0.002056010635597248,0.02782491104486032,
Australia,2036,All ages,Female,Conflict and terrorism,"Deaths per 100,000",0.012686407385424548,0.2866839242641546,
Australia,2037,All ages,Female,Conflict and terrorism,"Deaths per 100,000",0.002002530280695106,0.03231176532544535,
Australia,2038,All ages,Female,Conflict and terrorism,"Deaths per 100,000",0.007926020346328862,0.15558684202279024,
Australia,2039,All ages,Female,Conflict and terrorism,"Deaths per 100,000",0.004835861952751795,0.10621627139835606,
Australia,2040,All ages,Female,Conflict and terrorism,"Deaths per 100,000",0.003738035903103928,0.05064441800507828,
Germany,1990,All ages,Female,Conflict and terrorism,"Deaths per 100,000",0,0,0
Germany,1991,All ages,Female,Conflict and terrorism,"Deaths per 100,000",0,0,0
Germany,1992,All ages,Female,Conflict and terrorism,"Deaths per 100,000",0,0,0
Germany,1993,All ages,Female,Conflict and terrorism,"Deaths per 100,000",0,0,0
Germany,1994,All ages,Female,Conflict and terrorism,"Deaths per 100,000",0,0,0
Germany,1995,All ages,Female,Conflict and terrorism,"Deaths per 100,000",0,0,0
Germany,1996,All ages,Female,Conflict and terrorism,"Deaths per 100,000",0,0,0
Germany,1997,All ages,Female,Conflict and terrorism,"Deaths per 100,000",0,0,0
Germany,1998,All ages,Female,Conflict and terrorism,"Deaths per 100,000",0,0,0
Germany,1999,All ages,Female,Conflict and terrorism,"Deaths per 100,000",0,0,0
Germany,2000,All ages,Female,Conflict and terrorism,"Deaths per 100,000",0,0,0
Germany,2001,All ages,Female,Conflict and terrorism,"Deaths per 100,000",0,0,0
Germany,2002,All ages,Female,Conflict and terrorism,"Deaths per 100,000",0,0,0
Germany,2003,All ages,Female,Conflict and terrorism,"Deaths per 100,000",0,0,0
Germany,2004,All ages,Female,Conflict and terrorism,"Deaths per 100,000",0,0,0
Germany,2005,All ages,Female,Conflict and terrorism,"Deaths per 100,000",0,0,0
Germany,2006,All ages,Female,Conflict and terrorism,"Deaths per 100,000",0,0,0
Germany,2007,All ages,Female,Conflict and terrorism,"Deaths per 100,000",0,0,0
Germany,2008,All ages,Female,Conflict and terrorism,"Deaths per 100,000",0,0,0
Germany,2009,All ages,Female,Conflict and terrorism,"Deaths per 100,000",0,0,0
Germany,2010,All ages,Female,Conflict and terrorism,"Deaths per 100,000",0,0,0
Germany,2011,All ages,Female,Conflict and terrorism,"Deaths per 100,000",0,0,0
Germany,2012,All ages,Female,Conflict and terrorism,"Deaths per 100,000",0,0,0
Germany,2013,All ages,Female,Conflict and terrorism,"Deaths per 100,000",0,0,0
Germany,2014,All ages,Female,Conflict and terrorism,"Deaths per 100,000",0,0,0
Germany,2015,All ages,Female,Conflict and terrorism,"Deaths per 100,000",0,0,0
Germany,2016,All ages,Female,Conflict and terrorism,"Deaths per 100,000",0,0,0
Germany,2017,All ages,Female,Conflict and terrorism,"Deaths per 100,000",0.00037112749262720884,0.0027674420347446114,
Germany,2018,All ages,Female,Conflict and terrorism,"Deaths per 100,000",0.0006493697837175097,0.0045242130972448944,
Germany,2019,All ages,Female,Conflict and terrorism,"Deaths per 100,000",0.0004225013524303942,0.0031867839274722248,
Germany,2020,All ages,Female,Conflict and terrorism,"Deaths per 100,000",0.0009526168386205086,0.006249358293702412,
Germany,2021,All ages,Female,Conflict and terrorism,"Deaths per 100,000",0.0007528181991361936,0.00526092557513385,
Germany,2022,All ages,Female,Conflict and terrorism,"Deaths per 100,000",0.0007758222659246842,0.0050845364622235795,
Germany,2023,All ages,Female,Conflict and terrorism,"Deaths per 100,000",0.0006394092939611677,0.004917213504286072,
Germany,2024,All ages,Female,Conflict and terrorism,"Deaths per 100,000",0.0007497860196299557,0.005451831150923752,
Germany,2025,All ages,Female,Conflict and terrorism,"Deaths per 100,000",0.0008572065549553214,0.005790036338984694,
Germany,2026,All ages,Female,Conflict and terrorism,"Deaths per 100,000",0.0006985828021274513,0.004751991902984253,
Germany,2027,All ages,Female,Conflict and terrorism,"Deaths per 100,000",0.0019530280854546,0.013054557739394802,
Germany,2028,All ages,Female,Conflict and terrorism,"Deaths per 100,000",0.00037443101395764536,0.0026379305260852844,
Germany,2029,All ages,Female,Conflict and terrorism,"Deaths per 100,000",0.0013879340793289889,0.009100609914457653,
