Location,Year,Age,Sex,Cause of death or injury,Measure,Value,Lower bound,Upper bound
China,1990,All ages,Male,Conflict and terrorism,"Deaths per 100,000",0,0,0
China,1991,All ages,Male,Conflict and terrorism,"Deaths per 100,000",0,0,0
China,1992,All ages,Male,Conflict and terrorism,"Deaths per 100,000",0,0,0
China,1993,All ages,Male,Conflict and terrorism,"Deaths per 100,000",0,0,0
China,1994,All ages,Male,Conflict and terrorism,"Deaths per 100,000",0,0,0
China,1995,All ages,Male,Conflict and terrorism,"Deaths per 100,000",0,0,0
China,1996,All ages,Male,Conflict and terrorism,"Deaths per 100,000",0,0,0
China,1997,All ages,Male,Conflict and terrorism,"Deaths per 100,000",0.023680420509757782,0.04538642620863394,0.003757284409623147
China,1998,All ages,Male,Conflict and terrorism,"Deaths per 100,000",0.0059990236523421794,0.011497863450306393,0.0009518427772704408
China,1999,All ages,Male,Conflict and terrorism,"Deaths per 100,000",0.03510360184555883,0.06728035808142806,0.005569759865025336
China,2000,All ages,Male,Conflict and terrorism,"Deaths per 100,000",0.02326850428732367,0.04459693846374971,0.0036919270523172653
China,2001,All ages,Male,Conflict and terrorism,"Deaths per 100,000",0.06622819332124621,0.12693444354538513,0.010508183298132604
China,2002,All ages,Male,Conflict and terrorism,"Deaths per 100,000",0.011526602945817347,0.02209214705557975,0.001828883311992848
China,2003,All ages,Male,Conflict and terrorism,"Deaths per 100,000",0,0,0
China,2004,All ages,Male,Conflict and terrorism,"Deaths per 100,000",0,0,0
China,2005,All ages,Male,Conflict and terrorism,"Deaths per 100,000",0,0,0
China,2006,All ages,Male,Conflict and terrorism,"Deaths per 100,000",0,0,0
China,2007,All ages,Male,Conflict and terrorism,"Deaths per 100,000",0,0,0
China,2008,All ages,Male,Conflict and terrorism,"Deaths per 100,000",0,0,0
China,2009,All ages,Male,Conflict and terrorism,"Deaths per 100,000",0,0,0
China,2010,All ages,Male,Conflict and terrorism,"Deaths per 100,000",0,0,0
China,2011,All ages,Male,Conflict and terrorism,"Deaths per 100,000",0.004105596490602924,0.007793340694487947,0.0007705175941921078
China,2012,All ages,Male,Conflict and terrorism,"Deaths per 100,000",0.004968206851474548,0.009522177683637962,0.0007882870468984681
China,2013,All ages,Male,Conflict and terrorism,"Deaths per 100,000",0.01614571853711411,0.03094524920673361,0.0025617809716823744
China,2014,All ages,Male,Conflict and terrorism,"Deaths per 100,000",0.04413290245312372,0.08458611631927804,0.007002403519644273
China,2015,All ages,Male,Conflict and terrorism,"Deaths per 100,000",0.022153947113373984,0.04246075514652178,0.0035150846004636115
China,2016,All ages,Male,Conflict and terrorism,"Deaths per 100,000",0,0,0
China,2017,All ages,Male,Conflict and terrorism,"Deaths per 100,000",0.032843144924883216,0.3335957258244252,
China,2018,All ages,Male,Conflict and terrorism,"Deaths per 100,000",0.08966495348001823,0.9021288288853286,
China,2019,All ages,Male,Conflict and terrorism,"Deaths per 100,000",0.04901040463132067,0.4231845792623777,
China,2020,All ages,Male,Conflict and terrorism,"Deaths per 100,000",0.08467296153464435,0.9313620221199032,
China,2021,All ages,Male,Conflict and terrorism,"Deaths per 100,000",0.0659115023590445,0.778909666463065,
China,2022,All ages,Male,Conflict and terrorism,"Deaths per 100,000",0.06917358956609758,0.7993756892484442,
China,2023,All ages,Male,Conflict and terrorism,"Deaths per 100,000",0.07162948565995966,0.6822719915906104,
China,2024,All ages,Male,Conflict and terrorism,"Deaths per 100,000",0.08709210507447673,0.7385373775900381,
China,2025,All ages,Male,Conflict and terrorism,"Deaths per 100,000",0.06282407926306043,0.7281713414839136,
China,2026,All ages,Male,Conflict and terrorism,"Deaths per 100,000",0.0482043624053443,0.6067708733470698,
China,2027,All ages,Male,Conflict and terrorism,"Deaths per 100,000",0.3611026093887201,3.998338707956143,
China,2028,All ages,Male,Conflict and terrorism,"Deaths per 100,000",0.026040404569062352,0.26018070623799117,
China,2029,All ages,Male,Conflict and terrorism,"Deaths per 100,000",0.1999664188816991,2.080845137259255,
China,2030,All ages,Male,Conflict and terrorism,"Deaths per 100,000",0.2434870628040685,2.698626811401407,
China,2031,All ages,Male,Conflict and terrorism,"Deaths per 100,000",0.058350796400923687,0.5738244661091073,
China,2032,All ages,Male,Conflict and terrorism,"Deaths per 100,000",0.08146443635413349,0.8296810719748836,
China,2033,All ages,Male,Conflict and terrorism,"Deaths per 100,000",0.007966928234779817,0.07207509282598885,
China,2034,All ages,Male,Conflict and terrorism,"Deaths per 100,000",0.031031458111469786,0.28573926252752085,
China,2035,All ages,Male,Conflict and terrorism,"Deaths per 100,000",0.016217306632211995,0.2641724104964801,
China,2036,All ages,Male,Conflict and terrorism,"Deaths per 100,000",0.21525506145533474,2.0859089192063247,
China,2037,All ages,Male,Conflict and terrorism,"Deaths per 100,000",0.012287473493992706,0.12611356516515315,
China,2038,All ages,Male,Conflict and terrorism,"Deaths per 100,000",0.06552913163180185,0.6690317265082023,
China,2039,All ages,Male,Conflict and terrorism,"Deaths per 100,000",0.033917212541187035,0.34815788447575585,
China,2040,All ages,Male,Conflict and terrorism,"Deaths per 100,000",0.025985899586390616,0.27081627599628966,
Indonesia,1990,All ages,Male,Conflict and terrorism,"Deaths per 100,000",0.1350293156077657,0.18546070878161028,0.08217735514801121
Indonesia,1991,All ages,Male,Conflict and terrorism,"Deaths per 100,000",0.3298748856970528,0.4683952989004717,0.19233838897380964
Indonesia,1992,All ages,Male,Conflict and terrorism,"Deaths per 100,000",0,0,0
Indonesia,1993,All ages,Male,Conflict and terrorism,"Deaths per 100,000",0,0,0
Indonesia,1994,All ages,Male,Conflict and terrorism,"Deaths per 100,000",0,0,0
Indonesia,1995,All ages,Male,Conflict and terrorism,"Deaths per 100,000",0,0,0
Indonesia,1996,All ages,Male,Conflict and terrorism,"Deaths per 100,000",0,0,0
Indonesia,1997,All ages,Male,Conflict and terrorism,"Deaths per 100,000",0.31311646336509885,0.4042018732147013,0.22199561965560144
Indonesia,1998,All ages,Male,Conflict and terrorism,"Deaths per 100,000",0,0,0
Indonesia,1999,All ages,Male,Conflict and terrorism,"Deaths per 100,000",1.2353920655980768,1.9085230949464425,0.5710730580940087
Indonesia,2000,All ages,Male,Conflict and terrorism,"Deaths per 100,000",0.5524944116927964,0.7594484629485341,0.3441963035532528
Indonesia,2001,All ages,Male,Conflict and terrorism,"Deaths per 100,000",0.5495311253316973,0.7108934139805405,0.3879559075561205
Indonesia,2002,All ages,Male,Conflict and terrorism,"Deaths per 100,000",0.4790324015849017,0.6158697873898268,0.34310628447231406
Indonesia,2003,All ages,Male,Conflict and terrorism,"Deaths per 100,000",0.6757662440301554,0.9446463370304221,0.3974246832564704
Indonesia,2004,All ages,Male,Conflict and terrorism,"Deaths per 100,000",0.6146217732480334,0.7157153388607252,0.5132876081117057
Indonesia,2005,All ages,Male,Conflict and terrorism,"Deaths per 100,000",0.13376532154967713,0.17130156444133307,0.09613974583039978
Indonesia,2006,All ages,Male,Conflict and terrorism,"Deaths per 100,000",0,0,0
Indonesia,2007,All ages,Male,Conflict and terrorism,"Deaths per 100,000",0,0,0
Indonesia,2008,All ages,Male,Conflict and terrorism,"Deaths per 100,000",0,0,0
Indonesia,2009,All ages,Male,Conflict and terrorism,"Deaths per 100,000",0,0,0
Indonesia,2010,All ages,Male,Conflict and terrorism,"Deaths per 100,000",0,0,0
Indonesia,2011,All ages,Male,Conflict and terrorism,"Deaths per 100,000",0,0,0
Indonesia,2012,All ages,Male,Conflict and terrorism,"Deaths per 100,000",0,0,0
Indonesia,2013,All ages,Male,Conflict and terrorism,"Deaths per 100,000",0,0,0
Indonesia,2014,All ages,Male,Conflict and terrorism,"Deaths per 100,000",0,0,0
Indonesia,2015,All ages,Male,Conflict and terrorism,"Deaths per 100,000",0,0,0
Indonesia,2016,All ages,Male,Conflict and terrorism,"Deaths per 100,000",0,0,0
Indonesia,2017,All ages,Male,Conflict and terrorism,"Deaths per 100,000",0.07094019452633449,0.3432971107195554,
Indonesia,2018,All ages,Male,Conflict and terrorism,"Deaths per 100,000",0.17854363754526845,0.9828559768498004,
Indonesia,2019,All ages,Male,Conflict and terrorism,"Deaths per 100,000",0.09898981695525479,0.5303122409994557,
Indonesia,2020,All ages,Male,Conflict and terrorism,"Deaths per 100,000",0.27195490855155535,1.4718989958339013,
Indonesia,2021,All ages,Male,Conflict and terrorism,"Deaths per 100,000",0.2061669758582879,1.0671977331218137,
Indonesia,2022,All ages,Male,Conflict and terrorism,"Deaths per 100,000",0.236306980879005,1.2561467924612801,
Indonesia,2023,All ages,Male,Conflict and terrorism,"Deaths per 100,000",0.17710019871006302,0.8987648256128379,
Indonesia,2024,All ages,Male,Conflict and terrorism,"Deaths per 100,000",0.2423039215124197,1.1505531713516208,
Indonesia,2025,All ages,Male,Conflict and terrorism,"Deaths per 100,000",0.25137912805968143,1.2676998565329867,
Indonesia,2026,All ages,Male,Conflict and terrorism,"Deaths per 100,000",0.1802923053522285,0.8565952348817766,
Indonesia,2027,All ages,Male,Conflict and terrorism,"Deaths per 100,000",0.977063579752627,4.832600138595435,
Indonesia,2028,All ages,Male,Conflict and terrorism,"Deaths per 100,000",0.07557118311892759,0.3619141631869564,
Indonesia,2029,All ages,Male,Conflict and terrorism,"Deaths per 100,000",0.5881517912259212,3.036800769237273,
Indonesia,2030,All ages,Male,Conflict and terrorism,"Deaths per 100,000",0.7173264251445067,3.460920603564067,
Indonesia,2031,All ages,Male,Conflict and terrorism,"Deaths per 100,000",0.1958257736808532,0.9697321683678458,
Indonesia,2032,All ages,Male,Conflict and terrorism,"Deaths per 100,000",0.26058030494189494,1.4536460396594504,
Indonesia,2033,All ages,Male,Conflict and terrorism,"Deaths per 100,000",0.021858325915942455,0.1091941358170678,
Indonesia,2034,All ages,Male,Conflict and terrorism,"Deaths per 100,000",0.08264478902489857,0.41051686171517654,
Indonesia,2035,All ages,Male,Conflict and terrorism,"Deaths per 100,000",0.03738762353848948,0.19826567610991921,
Indonesia,2036,All ages,Male,Conflict and terrorism,"Deaths per 100,000",0.6115822113137273,2.9206223039733556,
Indonesia,2037,All ages,Male,Conflict and terrorism,"Deaths per 100,000",0.04363269030630863,0.21407943637770857,
Indonesia,2038,All ages,Male,Conflict and terrorism,"Deaths per 100,000",0.26500706031338644,1.3296665384921593,
Indonesia,2039,All ages,Male,Conflict and terrorism,"Deaths per 100,000",0.1141361957851033,0.609706708426078,
Indonesia,2040,All ages,Male,Conflict and terrorism,"Deaths per 100,000",0.07504809852059798,0.39938695117519485,
Fiji,1990,All ages,Male,Conflict and terrorism,"Deaths per 100,000",0,0,0
Fiji,1991,All ages,Male,Conflict and terrorism,"Deaths per 100,000",0,0,0
Fiji,1992,All ages,Male,Conflict and terrorism,"Deaths per 100,000",0,0,0
Fiji,1993,All ages,Male,Conflict and terrorism,"Deaths per 100,000",0,0,0
Fiji,1994,All ages,Male,Conflict and terrorism,"Deaths per 100,000",0,0,0
Fiji,1995,All ages,Male,Conflict and terrorism,"Deaths per 100,000",0,0,0
Fiji,1996,All ages,Male,Conflict and terrorism,"Deaths per 100,000",0,0,0
Fiji,1997,All ages,Male,Conflict and terrorism,"Deaths per 100,000",0,0,0
Fiji,1998,All ages,Male,Conflict and terrorism,"Deaths per 100,000",0,0,0
Fiji,1999,All ages,Male,Conflict and terrorism,"Deaths per 100,000",0,0,0
Fiji,2000,All ages,Male,Conflict and terrorism,"Deaths per 100,000",0,0,0
Fiji,2001,All ages,Male,Conflict and terrorism,"Deaths per 100,000",0,0,0
Fiji,2002,All ages,Male,Conflict and terrorism,"Deaths per 100,000",0,0,0
Fiji,2003,All ages,Male,Conflict and terrorism,"Deaths per 100,000",0,0,0
Fiji,2004,All ages,Male,Conflict and terrorism,"Deaths per 100,000",0,0,0
Fiji,2005,All ages,Male,Conflict and terrorism,"Deaths per 100,000",0,0,0
Fiji,2006,All ages,Male,Conflict and terrorism,"Deaths per 100,000",0,0,0
Fiji,2007,All ages,Male,Conflict and terrorism,"Deaths per 100,000",0,0,0
Fiji,2008,All ages,Male,Conflict and terrorism,"Deaths per 100,000",0,0,0
Fiji,2009,All ages,Male,Conflict and terrorism,"Deaths per 100,000",0,0,0
Fiji,2010,All ages,Male,Conflict and terrorism,"Deaths per 100,000",0,0,0
Fiji,2011,All ages,Male,Conflict and terrorism,"Deaths per 100,000",0,0,0
Fiji,2012,All ages,Male,Conflict and terrorism,"Deaths per 100,000",0,0,0
Fiji,2013,All ages,Male,Conflict and terrorism,"Deaths per 100,000",0,0,0
Fiji,2014,All ages,Male,Conflict and terrorism,"Deaths per 100,000",0,0,0
Fiji,2015,All ages,Male,Conflict and terrorism,"Deaths per 100,000",0,0,0
Fiji,2016,All ages,Male,Conflict and terrorism,"Deaths per 100,000",0,0,0
Fiji,2017,All ages,Male,Conflict and terrorism,"Deaths per 100,000",0.0035023388852749486,0.023453884496418186,
Fiji,2018,All ages,Male,Conflict and terrorism,"Deaths per 100,000",0.008187389892848004,0.06281725582979948,
Fiji,2019,All ages,Male,Conflict and terrorism,"Deaths per 100,000",0.005646790490095024,0.037423261861750844,
Fiji,2020,All ages,Male,Conflict and terrorism,"Deaths per 100,000",0.0062904406309847016,,
Fiji,2021,All ages,Male,Conflict and terrorism,"Deaths per 100,000",0.007979790469035556,0.0643365904446164,
Fiji,2022,All ages,Male,Conflict and terrorism,"Deaths per 100,000",0.006244347633849765,0.00168119819413607,
Fiji,2023,All ages,Male,Conflict and terrorism,"Deaths per 100,000",0.005441652407942654,0.0014678394533722784,
Fiji,2024,All ages,Male,Conflict and terrorism,"Deaths per 100,000",0.006574916609276602,,
Fiji,2025,All ages,Male,Conflict and terrorism,"Deaths per 100,000",0.010135787093757226,0.06636600229033629,
Fiji,2026,All ages,Male,Conflict and terrorism,"Deaths per 100,000",0.004822398953849239,,
Fiji,2027,All ages,Male,Conflict and terrorism,"Deaths per 100,000",0.015074460758704507,0.12411735100937904,
Fiji,2028,All ages,Male,Conflict and terrorism,"Deaths per 100,000",0.0032667464492834837,0.028765010607197317,
Fiji,2029,All ages,Male,Conflict and terrorism,"Deaths per 100,000",0.015585604700286006,0.10256444384536065,
Fiji,2030,All ages,Male,Conflict and terrorism,"Deaths per 100,000",0.016209934831741546,0.1066993863500126,
Fiji,2031,All ages,Male,Conflict and terrorism,"Deaths per 100,000",0.008908147963320184,0.0551040532799629,
Fiji,2032,All ages,Male,Conflict and terrorism,"Deaths per 100,000",0.00502018880119298,,
Fiji,2033,All ages,Male,Conflict and terrorism,"Deaths per 100,000",0.001409452858729655,0.01268563513181513,
Fiji,2034,All ages,Male,Conflict and terrorism,"Deaths per 100,000",0.00297910418738643,0.03127728305487792,
Fiji,2035,All ages,Male,Conflict and terrorism,"Deaths per 100,000",0.0015901142149510143,0.015321688463741807,
Fiji,2036,All ages,Male,Conflict and terrorism,"Deaths per 100,000",0.008561733202878877,0.08579113828372098,
Fiji,2037,All ages,Male,Conflict and terrorism,"Deaths per 100,000",0.00179076098697272,0.017813156238920415,
Fiji,2038,All ages,Male,Conflict and terrorism,"Deaths per 100,000",0.004631165937634353,0.05479629014383762,
Fiji,2039,All ages,Male,Conflict and terrorism,"Deaths per 100,000",0.004885458248217346,0.040879399750386174,
Fiji,2040,All ages,Male,Conflict and terrorism,"Deaths per 100,000",0.003436023341330419,0.032706671317747675,
Kazakhstan,1990,All ages,Male,Conflict and terrorism,"Deaths per 100,000",0,0,0
Kazakhstan,1991,All ages,Male,Conflict and terrorism,"Deaths per 100,000",0,0,0
Kazakhstan,1992,All ages,Male,Conflict and terrorism,"Deaths per 100,000",0,0,0
Kazakhstan,1993,All ages,Male,Conflict and terrorism,"Deaths per 100,000",0,0,0
Kazakhstan,1994,All ages,Male,Conflict and terrorism,"Deaths per 100,000",0,0,0
Kazakhstan,1995,All ages,Male,Conflict and terrorism,"Deaths per 100,000",0,0,0
Kazakhstan,1996,All ages,Male,Conflict and terrorism,"Deaths per 100,000",0,0,0
Kazakhstan,1997,All ages,Male,Conflict and terrorism,"Deaths per 100,000",0,0,0
Kazakhstan,1998,All ages,Male,Conflict and terrorism,"Deaths per 100,000",0,0,0
Kazakhstan,1999,All ages,Male,Conflict and terrorism,"Deaths per 100,000",0,0,0
Kazakhstan,2000,All ages,Male,Conflict and terrorism,"Deaths per 100,000",0,0,0
Kazakhstan,2001,All ages,Male,Conflict and terrorism,"Deaths per 100,000",0,0,0
Kazakhstan,2002,All ages,Male,Conflict and terrorism,"Deaths per 100,000",0,0,0
Kazakhstan,2003,All ages,Male,Conflict and terrorism,"Deaths per 100,000",0,0,0
Kazakhstan,2004,All ages,Male,Conflict and terrorism,"Deaths per 100,000",0.3251191856989039,0.5233916411018407,0.1296510851681887
Kazakhstan,2005,All ages,Male,Conflict and terrorism,"Deaths per 100,000",0.3022038613149588,0.4959848356867212,0.11712514149183625
Kazakhstan,2006,All ages,Male,Conflict and terrorism,"Deaths per 100,000",0.261978535291124,0.4265513502422007,0.10479631691472929
Kazakhstan,2007,All ages,Male,Conflict and terrorism,"Deaths per 100,000",0,0,0
Kazakhstan,2008,All ages,Male,Conflict and terrorism,"Deaths per 100,000",0.2389805858402316,0.3841916595940252,0.0958233837698107
Kazakhstan,2009,All ages,Male,Conflict and terrorism,"Deaths per 100,000",0.1906053081302446,0.30710685549925343,0.075751570535658
Kazakhstan,2010,All ages,Male,Conflict and terrorism,"Deaths per 100,000",0.19625104829806667,0.3182940027691333,0.07968875389321961
Kazakhstan,2011,All ages,Male,Conflict and terrorism,"Deaths per 100,000",0.19352761930904114,0.3138769511410294,0.07858289442002515
Kazakhstan,2012,All ages,Male,Conflict and terrorism,"Deaths per 100,000",0.1909114066097493,0.3023311944882408,0.08106755922894145
Kazakhstan,2013,All ages,Male,Conflict and terrorism,"Deaths per 100,000",0,0,0
Kazakhstan,2014,All ages,Male,Conflict and terrorism,"Deaths per 100,000",0,0,0
Kazakhstan,2015,All ages,Male,Conflict and terrorism,"Deaths per 100,000",0,0,0
Kazakhstan,2016,All ages,Male,Conflict and terrorism,"Deaths per 100,000",0,0,0
Kazakhstan,2017,All ages,Male,Conflict and terrorism,"Deaths per 100,000",0.008707189869257548,0.08052378847631624,
Kazakhstan,2018,All ages,Male,Conflict and terrorism,"Deaths per 100,000",0.02191868887384206,0.1581325872022157,
Kazakhstan,2019,All ages,Male,Conflict and terrorism,"Deaths per 100,000",0.013754427389438165,0.09220458747185468,
Kazakhstan,2020,All ages,Male,Conflict and terrorism,"Deaths per 100,000",0.020155536378071666,0.17116617730110614,
Kazakhstan,2021,All ages,Male,Conflict and terrorism,"Deaths per 100,000",0.01717519931127134,0.12676722178283073,
Kazakhstan,2022,All ages,Male,Conflict and terrorism,"Deaths per 100,000",0.022292319706841503,0.1579231083377475,
Kazakhstan,2023,All ages,Male,Conflict and terrorism,"Deaths per 100,000",0.015631256175850653,0.13793738204937658,
Kazakhstan,2024,All ages,Male,Conflict and terrorism,"Deaths per 100,000",0.017997797145730795,0.14714872356307787,
Kazakhstan,2025,All ages,Male,Conflict and terrorism,"Deaths per 100,000",0.01678047704525166,0.12030740156630035,
Kazakhstan,2026,All ages,Male,Conflict and terrorism,"Deaths per 100,000",0.016858644745778716,0.13069160139111077,
Kazakhstan,2027,All ages,Male,Conflict and terrorism,"Deaths per 100,000",0.03374203893511257,0.2926502667591252,
Kazakhstan,2028,All ages,Male,Conflict and terrorism,"Deaths per 100,000",0.009273644236037456,0.08272727335655566,
Kazakhstan,2029,All ages,Male,Conflict and terrorism,"Deaths per 100,000",0.02129755931380414,0.2047718207029868,
Kazakhstan,2030,All ages,Male,Conflict and terrorism,"Deaths per 100,000",0.028902423112683633,0.20539193361412675,
Kazakhstan,2031,All ages,Male,Conflict and terrorism,"Deaths per 100,000",0.015190452727802466,0.10570390281473144,
Kazakhstan,2032,All ages,Male,Conflict and terrorism,"Deaths per 100,000",0.018192814628114548,0.13775483741321964,
Kazakhstan,2033,All ages,Male,Conflict and terrorism,"Deaths per 100,000",0.005373548858003953,0.04405233552488681,
Kazakhstan,2034,All ages,Male,Conflict and terrorism,"Deaths per 100,000",0.01164941200476334,0.0886654752544852,
Kazakhstan,2035,All ages,Male,Conflict and terrorism,"Deaths per 100,000",0.007371454901306552,0.05402811309421378,
Kazakhstan,2036,All ages,Male,Conflict and terrorism,"Deaths per 100,000",0.02861125627530359,0.22840655789960038,
Kazakhstan,2037,All ages,Male,Conflict and terrorism,"Deaths per 100,000",0.00783568782119233,0.059978079670286205,
Kazakhstan,2038,All ages,Male,Conflict and terrorism,"Deaths per 100,000",0.01650925280703602,0.1251097683986093,
Kazakhstan,2039,All ages,Male,Conflict and terrorism,"Deaths per 100,000",0.011252868915683212,0.08497988346918617,
Kazakhstan,2040,All ages,Male,Conflict and terrorism,"Deaths per 100,000",0.011337218677743328,0.08494179982778736,
Poland,1990,All ages,Male,Conflict and terrorism,"Deaths per 100,000",0,0,0
Poland,1991,All ages,Male,Conflict and terrorism,"Deaths per 100,000",0,0,0
Poland,1992,All ages,Male,Conflict and terrorism,"Deaths per 100,000",0,0,0
Poland,1993,All ages,Male,Conflict and terrorism,"Deaths per 100,000",0,0,0
Poland,1994,All ages,Male,Conflict and terrorism,"Deaths per 100,000",0,0,0
Poland,1995,All ages,Male,Conflict and terrorism,"Deaths per 100,000",0,0,0
Poland,1996,All ages,Male,Conflict and terrorism,"Deaths per 100,000",0,0,0
Poland,1997,All ages,Male,Conflict and terrorism,"Deaths per 100,000",0,0,0
Poland,1998,All ages,Male,Conflict and terrorism,"Deaths per 100,000",0,0,0
Poland,1999,All ages,Male,Conflict and terrorism,"Deaths per 100,000",0,0,0
Poland,2000,All ages,Male,Conflict and terrorism,"Deaths per 100,000",0,0,0
Poland,2001,All ages,Male,Conflict and terrorism,"Deaths per 100,000",0,0,0
Poland,2002,All ages,Male,Conflict and terrorism,"Deaths per 100,000",0,0,0
Poland,2003,All ages,Male,Conflict and terrorism,"Deaths per 100,000",0,0,0
Poland,2004,All ages,Male,Conflict and terrorism,"Deaths per 100,000",0,0,0
Poland,2005,All ages,Male,Conflict and terrorism,"Deaths per 100,000",0,0,0
Poland,2006,All ages,Male,Conflict and terrorism,"Deaths per 100,000",0,0,0
Poland,2007,All ages,Male,Conflict and terrorism,"Deaths per 100,000",0,0,0
Poland,2008,All ages,Male,Conflict and terrorism,"Deaths per 100,000",0,0,0
Poland,2009,All ages,Male,Conflict and terrorism,"Deaths per 100,000",0,0,0
Poland,2010,All ages,Male,Conflict and terrorism,"Deaths per 100,000",0,0,0
Poland,2011,All ages,Male,Conflict and terrorism,"Deaths per 100,000",0,0,0
Poland,2012,All ages,Male,Conflict and terrorism,"Deaths per 100,000",0,0,0
Poland,2013,All ages,Male,Conflict and terrorism,"Deaths per 100,000",0,0,0
Poland,2014,All ages,Male,Conflict and terrorism,"Deaths per 100,000",0,0,0
Poland,2015,All ages,Male,Conflict and terrorism,"Deaths per 100,000",0,0,0
Poland,2016,All ages,Male,Conflict and terrorism,"Deaths per 100,000",0,0,0
Poland,2017,All ages,Male,Conflict and terrorism,"Deaths per 100,000",0.007619449451128793,0.11564029800766959,
Poland,2018,All ages,Male,Conflict and terrorism,"Deaths per 100,000",0.012507158582492328,0.18815163740604873,
Poland,2019,All ages,Male,Conflict and terrorism,"Deaths per 100,000",0.009629346894773107,0.16117343750182517,
Poland,2020,All ages,Male,Conflict and terrorism,"Deaths per 100,000",0.010033720212398753,0.18289964597435918,
Poland,2021,All ages,Male,Conflict and terrorism,"Deaths per 100,000",0.009825602794485983,0.060305601387821636,
Poland,2022,All ages,Male,Conflict and terrorism,"Deaths per 100,000",0.009330023807687476,0.17043347652266705,
Poland,2023,All ages,Male,Conflict and terrorism,"Deaths per 100,000",0.010658449024345908,0.16784671645147847,
Poland,2024,All ages,Male,Conflict and terrorism,"Deaths per 100,000",0.007260653494410585,0.05375263013157153,
Poland,2025,All ages,Male,Conflict and terrorism,"Deaths per 100,000",0.008007984850821256,0.15946542185260398,
Poland,2026,All ages,Male,Conflict and terrorism,"Deaths per 100,000",0.009690036614049612,0.1547416154015087,
Poland,2027,All ages,Male,Conflict and terrorism,"Deaths per 100,000",0.030364298498287003,0.20047261162983088,
Poland,2028,All ages,Male,Conflict and terrorism,"Deaths per 100,000",0.006969911273966283,0.1254719930992266,
Poland,2029,All ages,Male,Conflict and terrorism,"Deaths per 100,000",0.01659112005694419,0.12101402601253176,
Poland,2030,All ages,Male,Conflict and terrorism,"Deaths per 100,000",0.01619176859906227,0.13831354448148772,
Poland,2031,All ages,Male,Conflict and terrorism,"Deaths per 100,000",0.006924214995926673,0.04601425858821179,
Poland,2032,All ages,Male,Conflict and terrorism,"Deaths per 100,000",0.009628163465237457,0.1687988243159797,
Poland,2033,All ages,Male,Conflict and terrorism,"Deaths per 100,000",0.0041360138297522895,0.07556631969032584,
Poland,2034,All ages,Male,Conflict and terrorism,"Deaths per 100,000",0.007018734519510242,0.12478571941278763,
Poland,2035,All ages,Male,Conflict and terrorism,"Deaths per 100,000",0.004422600710024672,0.08759829460564557,
Poland,2036,All ages,Male,Conflict and terrorism,"Deaths per 100,000",0.026927430875373262,0.4366858251194654,
Poland,2037,All ages,Male,Conflict and terrorism,"Deaths per 100,000",0.005470335804173361,0.09976513459760737,
Poland,2038,All ages,Male,Conflict and terrorism,"Deaths per 100,000",0.009478936169070088,0.17528168621128926,
Poland,2039,All ages,Male,Conflict and terrorism,"Deaths per 100,000",0.006631284149306497,0.12892238036624368,
Poland,2040,All ages,Male,Conflict and terrorism,"Deaths per 100,000",0.006008111049957337,0.12140286018122477,
Ukraine,1990,All ages,Male,Conflict and terrorism,"Deaths per 100,000",0,0,0
Ukraine,1991,All ages,Male,Conflict and terrorism,"Deaths per 100,000",0,0,0
Ukraine,1992,All ages,Male,Conflict and terrorism,"Deaths per 100,000",0,0,0
Ukraine,1993,All ages,Male,Conflict and terrorism,"Deaths per 100,000",0,0,0
Ukraine,1994,All ages,Male,Conflict and terrorism,"Deaths per 100,000",0,0,0
Ukraine,1995,All ages,Male,Conflict and terrorism,"Deaths per 100,000",0,0,0
Ukraine,1996,All ages,Male,Conflict and terrorism,"Deaths per 100,000",0,0,0
Ukraine,1997,All ages,Male,Conflict and terrorism,"Deaths per 100,000",0,0,0
Ukraine,1998,All ages,Male,Conflict and terrorism,"Deaths per 100,000",0,0,0
Ukraine,1999,All ages,Male,Conflict and terrorism,"Deaths per 100,000",0,0,0
Ukraine,2000,All ages,Male,Conflict and terrorism,"Deaths per 100,000",0,0,0
Ukraine,2001,All ages,Male,Conflict and terrorism,"Deaths per 100,000",0,0,0
Ukraine,2002,All ages,Male,Conflict and terrorism,"Deaths per 100,000",0,0,0
Ukraine,2003,All ages,Male,Conflict and terrorism,"Deaths per 100,000",0,0,0
Ukraine,2004,All ages,Male,Conflict and terrorism,"Deaths per 100,000",0,0,0
Ukraine,2005,All ages,Male,Conflict and terrorism,"Deaths per 100,000",0.23872185731976917,0.4203556127402999,0.07187605920697913
Ukraine,2006,All ages,Male,Conflict and terrorism,"Deaths per 100,000",0.2239004776514701,0.39085128151931553,0.06941361681746673
Ukraine,2007,All ages,Male,Conflict and terrorism,"Deaths per 100,000",0.21673515135428642,0.38489017942310183,0.06227067216304064
Ukraine,2008,All ages,Male,Conflict and terrorism,"Deaths per 100,000",0.20843320965969886,0.3678389559085831,0.062005693228565736
Ukraine,2009,All ages,Male,Conflict and terrorism,"Deaths per 100,000",0.15780622170469838,0.2786954933147489,0.04675930469980459
Ukraine,2010,All ages,Male,Conflict and terrorism,"Deaths per 100,000",0,0,0
Ukraine,2011,All ages,Male,Conflict and terrorism,"Deaths per 100,000",0,0,0
Ukraine,2012,All ages,Male,Conflict and terrorism,"Deaths per 100,000",0,0,0
Ukraine,2013,All ages,Male,Conflict and terrorism,"Deaths per 100,000",0,0,0
Ukraine,2014,All ages,Male,Conflict and terrorism,"Deaths per 100,000",14.337102177113508,16.765618889677103,11.90280611578912
Ukraine,2015,All ages,Male,Conflict and terrorism,"Deaths per 100,000",4.224995944222466,4.482184283512688,3.967195055406963
Ukraine,2016,All ages,Male,Conflict and terrorism,"Deaths per 100,000",0,0,0
Ukraine,2017,All ages,Male,Conflict and terrorism,"Deaths per 100,000",0.10112195666755439,2.0683479975568613,
Ukraine,2018,All ages,Male,Conflict and terrorism,"Deaths per 100,000",0.13419595812066765,0.6906520087036696,
Ukraine,2019,All ages,Male,Conflict and terrorism,"Deaths per 100,000",0.18806610824672157,2.5492883056815128,
Ukraine,2020,All ages,Male,Conflict and terrorism,"Deaths per 100,000",0.19093509150718257,3.287740651806732,
Ukraine,2021,All ages,Male,Conflict and terrorism,"Deaths per 100,000",0.16318124246078045,3.0301774934357706,
Ukraine,2022,All ages,Male,Conflict and terrorism,"Deaths per 100,000",0.1989766437601069,3.0717635078705943,
Ukraine,2023,All ages,Male,Conflict and terrorism,"Deaths per 100,000",0.1122928985035047,0.6354943219959186,
Ukraine,2024,All ages,Male,Conflict and terrorism,"Deaths per 100,000",0.144849682473514,0.7167066583565007,
Ukraine,2025,All ages,Male,Conflict and terrorism,"Deaths per 100,000",0.11242676600016166,0.6616752299907356,
Ukraine,2026,All ages,Male,Conflict and terrorism,"Deaths per 100,000",0.1364821138088218,0.6091467814690367,
Ukraine,2027,All ages,Male,Conflict and terrorism,"Deaths per 100,000",0.2798679494837637,5.409485348947619,
Ukraine,2028,All ages,Male,Conflict and terrorism,"Deaths per 100,000",0.06893504663522003,0.4587083548867315,
Ukraine,2029,All ages,Male,Conflict and terrorism,"Deaths per 100,000",0.23357680809209183,3.7384766520876442,
Ukraine,2030,All ages,Male,Conflict and terrorism,"Deaths per 100,000",0.2280245379251552,4.635773538811197,
Ukraine,2031,All ages,Male,Conflict and terrorism,"Deaths per 100,000",0.1697116246186739,2.8073024361206103,
Ukraine,2032,All ages,Male,Conflict and terrorism,"Deaths per 100,000",0.19885167653649063,3.250760094079345,
Ukraine,2033,All ages,Male,Conflict and terrorism,"Deaths per 100,000",0.06262915896141892,0.29833451278981865,
Ukraine,2034,All ages,Male,Conflict and terrorism,"Deaths per 100,000",0.12297587692165686,2.239884533873867,
Ukraine,2035,All ages,Male,Conflict and terrorism,"Deaths per 100,000",0.10311040010984279,1.7465717163071923,
Ukraine,2036,All ages,Male,Conflict and terrorism,"Deaths per 100,000",0.28461294584165986,4.738270351823016,
Ukraine,2037,All ages,Male,Conflict and terrorism,"Deaths per 100,000",0.10600430314982412,1.9127361063051656,
Ukraine,2038,All ages,Male,Conflict and terrorism,"Deaths per 100,000",0.1523454551663938,0.662257867399188,
Ukraine,2039,All ages,Male,Conflict and terrorism,"Deaths per 100,000",0.16026970560593073,2.616672266921484,
Ukraine,2040,All ages,Male,Conflict and terrorism,"Deaths per 100,000",0.14227479843392518,2.335961658804242,
Australia,1990,All ages,Male,Conflict and terrorism,"Deaths per 100,000",0,0,0
Australia,1991,All ages,Male,Conflict and terrorism,"Deaths per 100,000",0,0,0
Australia,1992,All ages,Male,Conflict and terrorism,"Deaths per 100,000",0,0,0
Australia,1993,All ages,Male,Conflict and terrorism,"Deaths per 100,000",0,0,0
Australia,1994,All ages,Male,Conflict and terrorism,"Deaths per 100,000",0,0,0
Australia,1995,All ages,Male,Conflict and terrorism,"Deaths per 100,000",0,0,0
Australia,1996,All ages,Male,Conflict and terrorism,"Deaths per 100,000",0,0,0
Australia,1997,All ages,Male,Conflict and terrorism,"Deaths per 100,000",0,0,0
Australia,1998,All ages,Male,Conflict and terrorism,"Deaths per 100,000",0,0,0
Australia,1999,All ages,Male,Conflict and terrorism,"Deaths per 100,000",0,0,0
Australia,2000,All ages,Male,Conflict and terrorism,"Deaths per 100,000",0,0,0
Australia,2001,All ages,Male,Conflict and terrorism,"Deaths per 100,000",0,0,0
Australia,2002,All ages,Male,Conflict and terrorism,"Deaths per 100,000",0,0,0
Australia,2003,All ages,Male,Conflict and terrorism,"Deaths per 100,000",0,0,0
Australia,2004,All ages,Male,Conflict and terrorism,"Deaths per 100,000",0,0,0
Australia,2005,All ages,Male,Conflict and terrorism,"Deaths per 100,000",0,0,0
Australia,2006,All ages,Male,Conflict and terrorism,"Deaths per 100,000",0,0,0
Australia,2007,All ages,Male,Conflict and terrorism,"Deaths per 100,000",0,0,0
Australia,2008,All ages,Male,Conflict and terrorism,"Deaths per 100,000",0,0,0
Australia,2009,All ages,Male,Conflict and terrorism,"Deaths per 100,000",0,0,0
Australia,2010,All ages,Male,Conflict and terrorism,"Deaths per 100,000",0,0,0
Australia,2011,All ages,Male,Conflict and terrorism,"Deaths per 100,000",0,0,0
Australia,2012,All ages,Male,Conflict and terrorism,"Deaths per 100,000",0,0,0
Australia,2013,All ages,Male,Conflict and terrorism,"Deaths per 100,000",0,0,0
Australia,2014,All ages,Male,Conflict and terrorism,"Deaths per 100,000",0,0,0
Australia,2015,All ages,Male,Conflict and terrorism,"Deaths per 100,000",0,0,0
Australia,2016,All ages,Male,Conflict and terrorism,"Deaths per 100,000",0,0,0
Australia,2017,All ages,Male,Conflict and terrorism,"Deaths per 100,000",0.03582632684670008,0.19625019829676957,
Australia,2018,All ages,Male,Conflict and terrorism,"Deaths per 100,000",0.0634549262949388,0.3680466727547455,
Australia,2019,All ages,Male,Conflict and terrorism,"Deaths per 100,000",0.045334337180198477,0.24127599507839648,
Australia,2020,All ages,Male,Conflict and terrorism,"Deaths per 100,000",0.0740277452562475,0.4458351769223794,
Australia,2021,All ages,Male,Conflict and terrorism,"Deaths per 100,000",0.06694425096895196,0.37826498369955275,
Australia,2022,All ages,Male,Conflict and terrorism,"Deaths per 100,000",0.07050631749907611,0.39921491297534883,
Australia,2023,All ages,Male,Conflict and terrorism,"Deaths per 100,000",0.06271835424272959,0.33980935888549063,
Australia,2024,All ages,Male,Conflict and terrorism,"Deaths per 100,000",0.07331902967053919,0.37590853686265463,
Australia,2025,All ages,Male,Conflict and terrorism,"Deaths per 100,000",0.07101696866207469,0.39646432443557866,
Australia,2026,All ages,Male,Conflict and terrorism,"Deaths per 100,000",0.0569771373604445,0.3316364779490569,
Australia,2027,All ages,Male,Conflict and terrorism,"Deaths per 100,000",0.16579637325934876,0.9404187917814493,
Australia,2028,All ages,Male,Conflict and terrorism,"Deaths per 100,000",0.038218032429017425,0.18873725162318786,
Australia,2029,All ages,Male,Conflict and terrorism,"Deaths per 100,000",0.1265358313273627,0.7037456693545008,
Australia,2030,All ages,Male,Conflict and terrorism,"Deaths per 100,000",0.1343750508498453,0.7766971972297818,
Australia,2031,All ages,Male,Conflict and terrorism,"Deaths per 100,000",0.06785895351527997,0.3621299228985274,
Australia,2032,All ages,Male,Conflict and terrorism,"Deaths per 100,000",0.08518279379517052,0.4358221916848024,
Australia,2033,All ages,Male,Conflict and terrorism,"Deaths per 100,000",0.027531585961502018,0.14235201769447098,
Australia,2034,All ages,Male,Conflict and terrorism,"Deaths per 100,000",0.040391448170669815,0.2115689406255956,
Australia,2035,All ages,Male,Conflict and terrorism,"Deaths per 100,000",0.02736308000942909,0.13820892571164328,
Australia,2036,All ages,Male,Conflict and terrorism,"Deaths per 100,000",0.12727351267892176,0.7497094305556575,
Australia,2037,All ages,Male,Conflict and terrorism,"Deaths per 100,000",0.03023831885509098,0.15980856964543577,
Australia,2038,All ages,Male,Conflict and terrorism,"Deaths per 100,000",0.08349324547787054,0.43339751518430336,
Australia,2039,All ages,Male,Conflict and terrorism,"Deaths per 100,000",0.06090048730866983,0.30693186091708574,
Australia,2040,All ages,Male,Conflict and terrorism,"Deaths per 100,000",0.046573788137698385,0.24318378934745116,
Germany,1990,All ages,Male,Conflict and terrorism,"Deaths per 100,000",0,0,0
Germany,1991,All ages,Male,Conflict and terrorism,"Deaths per 100,000",0,0,0
Germany,1992,All ages,Male,Conflict and terrorism,"Deaths per 100,000",0,0,0
Germany,1993,All ages,Male,Conflict and terrorism,"Deaths per 100,000",0,0,0
Germany,1994,All ages,Male,Conflict and terrorism,"Deaths per 100,000",0,0,0
Germany,1995,All ages,Male,Conflict and terrorism,"Deaths per 100,000",0,0,0
Germany,1996,All ages,Male,Conflict and terrorism,"Deaths per 100,000",0,0,0
Germany,1997,All ages,Male,Conflict and terrorism,"Deaths per 100,000",0,0,0
Germany,1998,All ages,Male,Conflict and terrorism,"Deaths per 100,000",0,0,0
Germany,1999,All ages,Male,Conflict and terrorism,"Deaths per 100,000",0,0,0
Germany,2000,All ages,Male,Conflict and terrorism,"Deaths per 100,000",0,0,0
Germany,2001,All ages,Male,Conflict and terrorism,"Deaths per 100,000",0,0,0
Germany,2002,All ages,Male,Conflict and terrorism,"Deaths per 100,000",0,0,0
Germany,2003,All ages,Male,Conflict and terrorism,"Deaths per 100,000",0,0,0
Germany,2004,All ages,Male,Conflict and terrorism,"Deaths per 100,000",0,0,0
Germany,2005,All ages,Male,Conflict and terrorism,"Deaths per 100,000",0,0,0
Germany,2006,All ages,Male,Conflict and terrorism,"Deaths per 100,000",0,0,0
Germany,2007,All ages,Male,Conflict and terrorism,"Deaths per 100,000",0,0,0
Germany,2008,All ages,Male,Conflict and terrorism,"Deaths per 100,000",0,0,0
Germany,2009,All ages,Male,Conflict and terrorism,"Deaths per 100,000",0,0,0
Germany,2010,All ages,Male,Conflict and terrorism,"Deaths per 100,000",0,0,0
Germany,2011,All ages,Male,Conflict and terrorism,"Deaths per 100,000",0,0,0
Germany,2012,All ages,Male,Conflict and terrorism,"Deaths per 100,000",0,0,0
Germany,2013,All ages,Male,Conflict and terrorism,"Deaths per 100,000",0,0,0
Germany,2014,All ages,Male,Conflict and terrorism,"Deaths per 100,000",0,0,0
Germany,2015,All ages,Male,Conflict and terrorism,"Deaths per 100,000",0,0,0
Germany,2016,All ages,Male,Conflict and terrorism,"Deaths per 100,000",0,0,0
Germany,2017,All ages,Male,Conflict and terrorism,"Deaths per 100,000",0.0025460846381378274,0.013982502489945797,
Germany,2018,All ages,Male,Conflict and terrorism,"Deaths per 100,000",0.0047270096814715674,0.030205108334470425,
Germany,2019,All ages,Male,Conflict and terrorism,"Deaths per 100,000",0.0034199413311086775,0.02142026091840496,
Germany,2020,All ages,Male,Conflict and terrorism,"Deaths per 100,000",0.006200350870438768,0.037946038725296526,
Germany,2021,All ages,Male,Conflict and terrorism,"Deaths per 100,000",0.005752329430412205,0.03426124402637657,
Germany,2022,All ages,Male,Conflict and terrorism,"Deaths per 100,000",0.005762099008035143,0.036423973915878205,
Germany,2023,All ages,Male,Conflict and terrorism,"Deaths per 100,000",0.004617948847673836,0.024145569351974712,
Germany,2024,All ages,Male,Conflict and terrorism,"Deaths per 100,000",0.005210194002663906,0.02571718017674346,
Germany,2025,All ages,Male,Conflict and terrorism,"Deaths per 100,000",0.006356776944074536,0.03964042871157639,
Germany,2026,All ages,Male,Conflict and terrorism,"Deaths per 100,000",0.0052869947461615914,0.03502810113688294,
Germany,2027,All ages,Male,Conflict and terrorism,"Deaths per 100,000",0.011468767208645392,0.07262055798857109,
Germany,2028,All ages,Male,Conflict and terrorism,"Deaths per 100,000",0.0030817004714810284,0.021273775027167964,
Germany,2029,All ages,Male,Conflict and terrorism,"Deaths per 100,000",0.008811109398843416,0.056886583091082805,
Germany,2030,All ages,Male,Conflict and terrorism,"Deaths per 100,000",0.009172433516532576,0.044840884359168005,
Germany,2031,All ages,Male,Conflict and terrorism,"Deaths per 100,000",0.005930654840192348,0.03755959170427425,
Germany,2032,All ages,Male,Conflict and terrorism,"Deaths per 100,000",0.006132168181646407,0.04236536118653917,
Germany,2033,All ages,Male,Conflict and terrorism,"Deaths per 100,000",0.002106430955009551,0.014852454701179366,
Germany,2034,All ages,Male,Conflict and terrorism,"Deaths per 100,000",0.0037932843634578355,0.021201754000162477,
Germany,2035,All ages,Male,Conflict and terrorism,"Deaths per 100,000",0.0029743614199347463,0.020107948260698647,
Germany,2036,All ages,Male,Conflict and terrorism,"Deaths per 100,000",0.01134528795245997,0.07456414320020495,
Germany,2037,All ages,Male,Conflict and terrorism,"Deaths per 100,000",0.0033338925950368815,0.023221902796974375,
Germany,2038,All ages,Male,Conflict and terrorism,"Deaths per 100,000",0.007070728197290887,0.051177309060303794,
